           1       3749.0000      89.7261
           2       3751.0000      99.8552
           3       3753.0000      100.665
           4       3755.0000      145.384
           5       3757.0000      134.906
           6       3759.0000      88.2032
           7       3761.0000      86.1895
           8       3763.0000      117.889
           9       3765.0000      133.323
          10       3767.0000      117.892
          11       3769.0000      110.991
          12       3771.0000      93.2420
          13       3773.0000      100.648
          14       3775.0000      84.9322
          15       3777.0000      88.9128
          16       3779.0000      87.4735
          17       3781.0000      91.4828
          18       3783.0000      98.8987
          19       3785.0000      115.562
          20       3787.0000      119.370
          21       3789.0000      121.852
          22       3791.0000      99.5959
          23       3793.0000      104.609
          24       3795.0000      128.026
          25       3797.0000      182.035
          26       3799.0000      248.177
          27       3801.0000      285.066
          28       3803.0000      264.815
          29       3805.0000      185.099
          30       3807.0000      134.791
          31       3809.0000      117.599
          32       3811.0000      95.3548
          33       3813.0000      101.124
          34       3815.0000      113.833
          35       3817.0000      102.439
          36       3819.0000      82.4940
          37       3821.0000      70.7015
          38       3823.0000      72.2257
          39       3825.0000      70.1582
          40       3827.0000      72.5305
          41       3829.0000      76.3855
          42       3831.0000      82.9214
          43       3833.0000      93.6636
          44       3835.0000      103.015
          45       3837.0000      94.2607
          46       3839.0000      108.851
          47       3841.0000      106.796
          48       3843.0000      108.471
          49       3845.0000      111.968
          50       3847.0000      115.698
          51       3849.0000      118.358
          52       3851.0000      120.473
          53       3853.0000      132.811
          54       3855.0000      136.239
          55       3857.0000      139.978
          56       3859.0000      146.356
          57       3861.0000      125.316
          58       3863.0000      114.575
          59       3865.0000      125.611
          60       3867.0000      120.817
          61       3869.0000      104.807
          62       3871.0000      92.5325
          63       3873.0000      92.2827
          64       3875.0000      94.1899
          65       3877.0000      107.841
          66       3879.0000      120.806
          67       3881.0000      129.899
          68       3883.0000      135.422
          69       3885.0000      136.428
          70       3887.0000      132.191
          71       3889.0000      126.402
          72       3891.0000      124.488
          73       3893.0000      119.528
          74       3895.0000      121.248
          75       3897.0000      120.675
          76       3899.0000      119.424
          77       3901.0000      106.818
          78       3903.0000      97.3917
          79       3905.0000      103.023
          80       3907.0000      92.0600
          81       3909.0000      76.6241
          82       3911.0000      65.0324
          83       3913.0000      78.2806
          84       3915.0000      95.8157
          85       3917.0000      99.4014
          86       3919.0000      110.975
          87       3921.0000      113.830
          88       3923.0000      125.707
          89       3925.0000      132.225
          90       3927.0000      131.507
          91       3929.0000      126.122
          92       3931.0000      121.552
          93       3933.0000      124.154
          94       3935.0000      117.738
          95       3937.0000      115.056
          96       3939.0000      131.552
          97       3941.0000      144.292
          98       3943.0000      142.988
          99       3945.0000      145.214
         100       3947.0000      127.089
         101       3949.0000      114.727
         102       3951.0000      114.788
         103       3953.0000      118.333
         104       3955.0000      115.499
         105       3957.0000      108.583
         106       3959.0000      105.453
         107       3961.0000      104.555
         108       3963.0000      101.634
         109       3965.0000      95.1936
         110       3967.0000      87.9429
         111       3969.0000      96.7254
         112       3971.0000      103.016
         113       3973.0000      107.988
         114       3975.0000      113.692
         115       3977.0000      124.401
         116       3979.0000      133.809
         117       3981.0000      128.596
         118       3983.0000      124.931
         119       3985.0000      127.259
         120       3987.0000      138.330
         121       3989.0000      137.535
         122       3991.0000      124.751
         123       3993.0000      131.348
         124       3995.0000      139.603
         125       3997.0000      127.359
         126       3999.0000      129.533
         127       4001.0000      122.319
         128       4003.0000      120.717
         129       4005.0000      117.348
         130       4007.0000      111.319
         131       4009.0000      91.6141
         132       4011.0000      83.9359
         133       4013.0000      99.0870
         134       4015.0000      101.165
         135       4017.0000      104.228
         136       4019.0000      114.236
         137       4021.0000      123.010
         138       4023.0000      123.572
         139       4025.0000      132.719
         140       4027.0000      136.030
         141       4029.0000      135.060
         142       4031.0000      135.062
         143       4033.0000      131.656
         144       4035.0000      123.361
         145       4037.0000      120.805
         146       4039.0000      113.504
         147       4041.0000      103.384
         148       4043.0000      100.190
         149       4045.0000      97.0225
         150       4047.0000      85.7015
         151       4049.0000      78.6914
         152       4051.0000      91.7084
         153       4053.0000      103.342
         154       4055.0000      112.599
         155       4057.0000      112.944
         156       4059.0000      118.761
         157       4061.0000      132.885
         158       4063.0000      140.023
         159       4065.0000      137.451
         160       4067.0000      139.836
         161       4069.0000      145.974
         162       4071.0000      149.674
         163       4073.0000      145.672
         164       4075.0000      140.816
         165       4077.0000      149.110
         166       4079.0000      160.116
         167       4081.0000      158.918
         168       4083.0000      152.631
         169       4085.0000      153.227
         170       4087.0000      147.576
         171       4089.0000      147.464
         172       4091.0000      149.557
         173       4093.0000      161.897
         174       4095.0000      173.506
         175       4097.0000      164.586
         176       4099.0000      160.199
         177       4101.0000      164.301
         178       4103.0000      160.775
         179       4105.0000      157.798
         180       4107.0000      158.111
         181       4109.0000      162.154
         182       4111.0000      146.768
         183       4113.0000      140.605
         184       4115.0000      151.415
         185       4117.0000      156.102
         186       4119.0000      159.319
         187       4121.0000      162.503
         188       4123.0000      151.723
         189       4125.0000      150.462
         190       4127.0000      150.267
         191       4129.0000      152.268
         192       4131.0000      159.818
         193       4133.0000      151.553
         194       4135.0000      146.192
         195       4137.0000      148.327
         196       4139.0000      142.702
         197       4141.0000      143.736
         198       4143.0000      142.914
         199       4145.0000      143.378
         200       4147.0000      146.606
         201       4149.0000      155.189
         202       4151.0000      157.489
         203       4153.0000      146.273
         204       4155.0000      142.425
         205       4157.0000      141.239
         206       4159.0000      144.871
         207       4161.0000      151.268
         208       4163.0000      149.163
         209       4165.0000      156.529
         210       4167.0000      154.798
         211       4169.0000      150.058
         212       4171.0000      137.238
         213       4173.0000      137.416
         214       4175.0000      138.505
         215       4177.0000      133.203
         216       4179.0000      125.134
         217       4181.0000      122.020
         218       4183.0000      122.141
         219       4185.0000      114.251
         220       4187.0000      116.425
         221       4189.0000      123.127
         222       4191.0000      116.003
         223       4193.0000      134.655
         224       4195.0000      147.650
         225       4197.0000      140.587
         226       4199.0000      139.902
         227       4201.0000      139.543
         228       4203.0000      134.972
         229       4205.0000      141.097
         230       4207.0000      147.332
         231       4209.0000      141.844
         232       4211.0000      138.613
         233       4213.0000      145.896
         234       4215.0000      151.155
         235       4217.0000      147.133
         236       4219.0000      150.381
         237       4221.0000      151.133
         238       4223.0000      143.739
         239       4225.0000      137.929
         240       4227.0000      143.219
         241       4229.0000      145.930
         242       4231.0000      150.866
         243       4233.0000      147.172
         244       4235.0000      141.696
         245       4237.0000      138.010
         246       4239.0000      143.669
         247       4241.0000      149.530
         248       4243.0000      148.566
         249       4245.0000      151.663
         250       4247.0000      152.369
         251       4249.0000      147.215
         252       4251.0000      146.703
         253       4253.0000      140.173
         254       4255.0000      132.766
         255       4257.0000      135.717
         256       4259.0000      142.245
         257       4261.0000      150.969
         258       4263.0000      150.600
         259       4265.0000      148.347
         260       4267.0000      149.964
         261       4269.0000      149.943
         262       4271.0000      153.273
         263       4273.0000      157.325
         264       4275.0000      151.248
         265       4277.0000      147.815
         266       4279.0000      145.908
         267       4281.0000      140.995
         268       4283.0000      144.563
         269       4285.0000      148.327
         270       4287.0000      154.541
         271       4289.0000      157.033
         272       4291.0000      156.426
         273       4293.0000      159.892
         274       4295.0000      152.950
         275       4297.0000      151.476
         276       4299.0000      149.012
         277       4301.0000      148.509
         278       4303.0000      151.306
         279       4305.0000      154.346
         280       4307.0000      140.591
         281       4309.0000      133.544
         282       4311.0000      133.222
         283       4313.0000      133.610
         284       4315.0000      142.328
         285       4317.0000      145.512
         286       4319.0000      142.931
         287       4321.0000      145.207
         288       4323.0000      143.055
         289       4325.0000      144.163
         290       4327.0000      148.434
         291       4329.0000      147.395
         292       4331.0000      141.600
         293       4333.0000      144.273
         294       4335.0000      149.568
         295       4337.0000      145.554
         296       4339.0000      149.952
         297       4341.0000      155.667
         298       4343.0000      150.431
         299       4345.0000      151.955
         300       4347.0000      152.200
         301       4349.0000      149.408
         302       4351.0000      149.883
         303       4353.0000      153.411
         304       4355.0000      151.626
         305       4357.0000      155.063
         306       4359.0000      146.163
         307       4361.0000      144.525
         308       4363.0000      150.713
         309       4365.0000      151.785
         310       4367.0000      152.039
         311       4369.0000      149.957
         312       4371.0000      143.279
         313       4373.0000      142.605
         314       4375.0000      145.331
         315       4377.0000      135.443
         316       4379.0000      133.467
         317       4381.0000      127.105
         318       4383.0000      122.866
         319       4385.0000      130.086
         320       4387.0000      125.733
         321       4389.0000      123.251
         322       4391.0000      124.314
         323       4393.0000      120.145
         324       4395.0000      122.568
         325       4397.0000      136.603
         326       4399.0000      145.414
         327       4401.0000      149.073
         328       4403.0000      150.684
         329       4405.0000      148.919
         330       4407.0000      148.317
         331       4409.0000      141.664
         332       4411.0000      140.491
         333       4413.0000      140.041
         334       4415.0000      144.752
         335       4417.0000      144.278
         336       4419.0000      142.970
         337       4421.0000      138.769
         338       4423.0000      133.933
         339       4425.0000      143.158
         340       4427.0000      139.913
         341       4429.0000      138.363
         342       4431.0000      134.673
         343       4433.0000      133.832
         344       4435.0000      138.147
         345       4437.0000      142.461
         346       4439.0000      142.721
         347       4441.0000      143.655
         348       4443.0000      151.265
         349       4445.0000      154.206
         350       4447.0000      153.437
         351       4449.0000      156.471
         352       4451.0000      158.609
         353       4453.0000      160.629
         354       4455.0000      158.000
         355       4457.0000      152.983
         356       4459.0000      157.807
         357       4461.0000      150.625
         358       4463.0000      145.865
         359       4465.0000      146.377
         360       4467.0000      144.463
         361       4469.0000      140.022
         362       4471.0000      134.010
         363       4473.0000      131.871
         364       4475.0000      140.668
         365       4477.0000      144.612
         366       4479.0000      147.204
         367       4481.0000      144.845
         368       4483.0000      148.504
         369       4485.0000      148.550
         370       4487.0000      145.083
         371       4489.0000      144.334
         372       4491.0000      141.767
         373       4493.0000      135.967
         374       4495.0000      145.860
         375       4497.0000      153.459
         376       4499.0000      149.004
         377       4501.0000      151.303
         378       4503.0000      150.844
         379       4505.0000      156.085
         380       4507.0000      155.229
         381       4509.0000      156.529
         382       4511.0000      156.760
         383       4513.0000      156.223
         384       4515.0000      152.475
         385       4517.0000      156.402
         386       4519.0000      154.982
         387       4521.0000      153.257
         388       4523.0000      146.119
         389       4525.0000      147.102
         390       4527.0000      152.898
         391       4529.0000      154.478
         392       4531.0000      158.202
         393       4533.0000      158.600
         394       4535.0000      158.266
         395       4537.0000      160.230
         396       4539.0000      159.178
         397       4541.0000      153.376
         398       4543.0000      150.488
         399       4545.0000      148.201
         400       4547.0000      144.097
         401       4549.0000      143.913
         402       4551.0000      145.307
         403       4553.0000      144.768
         404       4555.0000      149.522
         405       4557.0000      155.608
         406       4559.0000      154.775
         407       4561.0000      156.813
         408       4563.0000      160.902
         409       4565.0000      161.066
         410       4567.0000      160.035
         411       4569.0000      151.900
         412       4571.0000      148.818
         413       4573.0000      154.894
         414       4575.0000      157.725
         415       4577.0000      157.086
         416       4579.0000      155.230
         417       4581.0000      155.645
         418       4583.0000      157.686
         419       4585.0000      158.756
         420       4587.0000      158.698
         421       4589.0000      158.013
         422       4591.0000      159.560
         423       4593.0000      166.122
         424       4595.0000      167.499
         425       4597.0000      163.894
         426       4599.0000      159.285
         427       4601.0000      158.601
         428       4603.0000      161.873
         429       4605.0000      161.473
         430       4607.0000      163.547
         431       4609.0000      165.138
         432       4611.0000      166.393
         433       4613.0000      160.382
         434       4615.0000      153.911
         435       4617.0000      148.804
         436       4619.0000      147.054
         437       4621.0000      147.457
         438       4623.0000      149.731
         439       4625.0000      152.178
         440       4627.0000      157.225
         441       4629.0000      160.147
         442       4631.0000      157.337
         443       4633.0000      155.840
         444       4635.0000      155.545
         445       4637.0000      156.570
         446       4639.0000      155.037
         447       4641.0000      153.114
         448       4643.0000      152.537
         449       4645.0000      151.223
         450       4647.0000      155.325
         451       4649.0000      162.376
         452       4651.0000      160.750
         453       4653.0000      157.688
         454       4655.0000      160.603
         455       4657.0000      162.447
         456       4659.0000      159.614
         457       4661.0000      154.969
         458       4663.0000      157.314
         459       4665.0000      157.830
         460       4667.0000      161.662
         461       4669.0000      159.639
         462       4671.0000      152.881
         463       4673.0000      153.234
         464       4675.0000      152.445
         465       4677.0000      151.678
         466       4679.0000      155.379
         467       4681.0000      158.164
         468       4683.0000      160.135
         469       4685.0000      152.817
         470       4687.0000      149.515
         471       4689.0000      150.357
         472       4691.0000      153.284
         473       4693.0000      157.755
         474       4695.0000      162.402
         475       4697.0000      164.093
         476       4699.0000      167.245
         477       4701.0000      168.094
         478       4703.0000      162.149
         479       4705.0000      157.855
         480       4707.0000      161.087
         481       4709.0000      165.794
         482       4711.0000      164.280
         483       4713.0000      162.152
         484       4715.0000      164.818
         485       4717.0000      163.762
         486       4719.0000      161.951
         487       4721.0000      162.641
         488       4723.0000      162.695
         489       4725.0000      160.959
         490       4727.0000      161.232
         491       4729.0000      162.990
         492       4731.0000      162.745
         493       4733.0000      160.074
         494       4735.0000      156.408
         495       4737.0000      152.414
         496       4739.0000      150.366
         497       4741.0000      153.093
         498       4743.0000      154.962
         499       4745.0000      157.018
         500       4747.0000      156.382
         501       4749.0000      158.511
         502       4751.0000      161.879
         503       4753.0000      162.262
         504       4755.0000      157.444
         505       4757.0000      152.846
         506       4759.0000      150.876
         507       4761.0000      151.220
         508       4763.0000      154.105
         509       4765.0000      157.515
         510       4767.0000      157.726
         511       4769.0000      157.856
         512       4771.0000      159.833
         513       4773.0000      155.400
         514       4775.0000      155.047
         515       4777.0000      155.372
         516       4779.0000      154.702
         517       4781.0000      153.827
         518       4783.0000      156.424
         519       4785.0000      158.455
         520       4787.0000      156.486
         521       4789.0000      155.562
         522       4791.0000      156.583
         523       4793.0000      150.630
         524       4795.0000      149.835
         525       4797.0000      151.871
         526       4799.0000      154.850
         527       4801.0000      158.748
         528       4803.0000      157.271
         529       4805.0000      152.293
         530       4807.0000      156.317
         531       4809.0000      161.120
         532       4811.0000      163.018
         533       4813.0000      163.222
         534       4815.0000      161.949
         535       4817.0000      162.982
         536       4819.0000      162.201
         537       4821.0000      157.659
         538       4823.0000      154.703
         539       4825.0000      156.105
         540       4827.0000      160.283
         541       4829.0000      161.103
         542       4831.0000      162.307
         543       4833.0000      162.164
         544       4835.0000      162.279
         545       4837.0000      161.303
         546       4839.0000      163.804
         547       4841.0000      165.703
         548       4843.0000      163.652
         549       4845.0000      163.038
         550       4847.0000      163.036
         551       4849.0000      163.910
         552       4851.0000      160.658
         553       4853.0000      158.285
         554       4855.0000      158.282
         555       4857.0000      157.548
         556       4859.0000      157.623
         557       4861.0000      158.086
         558       4863.0000      159.325
         559       4865.0000      159.887
         560       4867.0000      159.195
         561       4869.0000      158.691
         562       4871.0000      159.430
         563       4873.0000      161.263
         564       4875.0000      162.145
         565       4877.0000      160.802
         566       4879.0000      157.206
         567       4881.0000      153.993
         568       4883.0000      152.945
         569       4885.0000      153.591
         570       4887.0000      157.572
         571       4889.0000      160.670
         572       4891.0000      162.558
         573       4893.0000      160.390
         574       4895.0000      158.214
         575       4897.0000      158.866
         576       4899.0000      159.687
         577       4901.0000      158.104
         578       4903.0000      155.180
         579       4905.0000      154.542
         580       4907.0000      158.415
         581       4909.0000      159.705
         582       4911.0000      160.074
         583       4913.0000      157.888
         584       4915.0000      157.575
         585       4917.0000      157.624
         586       4919.0000      156.950
         587       4921.0000      156.325
         588       4923.0000      153.501
         589       4925.0000      153.037
         590       4927.0000      152.050
         591       4929.0000      151.067
         592       4931.0000      152.799
         593       4933.0000      151.448
         594       4935.0000      149.774
         595       4937.0000      147.699
         596       4939.0000      146.768
         597       4941.0000      147.389
         598       4943.0000      147.647
         599       4945.0000      147.339
         600       4947.0000      144.263
         601       4949.0000      139.757
         602       4951.0000      140.861
         603       4953.0000      153.484
         604       4955.0000      177.512
         605       4957.0000      196.515
         606       4959.0000      189.961
         607       4961.0000      166.225
         608       4963.0000      142.524
         609       4965.0000      133.478
         610       4967.0000      133.921
         611       4969.0000      135.886
         612       4971.0000      140.492
         613       4973.0000      145.712
         614       4975.0000      147.984
         615       4977.0000      148.577
         616       4979.0000      146.197
         617       4981.0000      143.233
         618       4983.0000      140.923
         619       4985.0000      142.398
         620       4987.0000      143.541
         621       4989.0000      145.358
         622       4991.0000      152.204
         623       4993.0000      159.264
         624       4995.0000      158.032
         625       4997.0000      157.157
         626       4999.0000      158.187
         627       5001.0000      159.344
         628       5003.0000      156.428
         629       5005.0000      154.192
         630       5007.0000      154.768
         631       5009.0000      155.952
         632       5011.0000      156.479
         633       5013.0000      153.943
         634       5015.0000      146.671
         635       5017.0000      138.722
         636       5019.0000      138.659
         637       5021.0000      144.150
         638       5023.0000      148.350
         639       5025.0000      151.672
         640       5027.0000      154.221
         641       5029.0000      154.227
         642       5031.0000      151.403
         643       5033.0000      149.667
         644       5035.0000      149.199
         645       5037.0000      152.573
         646       5039.0000      156.069
         647       5041.0000      156.026
         648       5043.0000      159.160
         649       5045.0000      161.126
         650       5047.0000      162.399
         651       5049.0000      163.525
         652       5051.0000      159.807
         653       5053.0000      161.110
         654       5055.0000      167.001
         655       5057.0000      172.482
         656       5059.0000      171.822
         657       5061.0000      162.508
         658       5063.0000      157.100
         659       5065.0000      156.439
         660       5067.0000      154.983
         661       5069.0000      152.300
         662       5071.0000      153.889
         663       5073.0000      155.090
         664       5075.0000      153.054
         665       5077.0000      149.220
         666       5079.0000      145.169
         667       5081.0000      144.650
         668       5083.0000      146.031
         669       5085.0000      148.822
         670       5087.0000      153.160
         671       5089.0000      153.807
         672       5091.0000      152.604
         673       5093.0000      154.178
         674       5095.0000      154.640
         675       5097.0000      152.697
         676       5099.0000      153.036
         677       5101.0000      162.909
         678       5103.0000      187.875
         679       5105.0000      208.442
         680       5107.0000      205.341
         681       5109.0000      186.994
         682       5111.0000      163.601
         683       5113.0000      147.722
         684       5115.0000      143.503
         685       5117.0000      145.528
         686       5119.0000      146.081
         687       5121.0000      144.199
         688       5123.0000      146.316
         689       5125.0000      147.877
         690       5127.0000      150.796
         691       5129.0000      154.158
         692       5131.0000      155.178
         693       5133.0000      155.591
         694       5135.0000      154.172
         695       5137.0000      149.466
         696       5139.0000      144.923
         697       5141.0000      143.916
         698       5143.0000      147.510
         699       5145.0000      149.665
         700       5147.0000      150.615
         701       5149.0000      151.423
         702       5151.0000      151.958
         703       5153.0000      151.611
         704       5155.0000      151.975
         705       5157.0000      153.046
         706       5159.0000      153.435
         707       5161.0000      154.749
         708       5163.0000      155.613
         709       5165.0000      155.210
         710       5167.0000      152.013
         711       5169.0000      151.164
         712       5171.0000      150.794
         713       5173.0000      152.373
         714       5175.0000      151.862
         715       5177.0000      151.535
         716       5179.0000      148.540
         717       5181.0000      145.282
         718       5183.0000      144.068
         719       5185.0000      146.108
         720       5187.0000      151.588
         721       5189.0000      154.611
         722       5191.0000      154.932
         723       5193.0000      154.660
         724       5195.0000      152.446
         725       5197.0000      151.078
         726       5199.0000      150.461
         727       5201.0000      148.959
         728       5203.0000      148.082
         729       5205.0000      149.083
         730       5207.0000      150.034
         731       5209.0000      149.938
         732       5211.0000      148.369
         733       5213.0000      150.136
         734       5215.0000      151.244
         735       5217.0000      153.363
         736       5219.0000      156.452
         737       5221.0000      155.500
         738       5223.0000      152.493
         739       5225.0000      148.376
         740       5227.0000      146.061
         741       5229.0000      145.544
         742       5231.0000      145.179
         743       5233.0000      146.099
         744       5235.0000      148.076
         745       5237.0000      147.779
         746       5239.0000      146.739
         747       5241.0000      145.481
         748       5243.0000      143.725
         749       5245.0000      142.778
         750       5247.0000      143.858
         751       5249.0000      143.874
         752       5251.0000      142.507
         753       5253.0000      141.403
         754       5255.0000      140.100
         755       5257.0000      141.738
         756       5259.0000      146.771
         757       5261.0000      149.577
         758       5263.0000      148.786
         759       5265.0000      143.227
         760       5267.0000      133.945
         761       5269.0000      124.919
         762       5271.0000      121.530
         763       5273.0000      122.866
         764       5275.0000      126.116
         765       5277.0000      132.633
         766       5279.0000      138.765
         767       5281.0000      139.999
         768       5283.0000      135.454
         769       5285.0000      131.322
         770       5287.0000      129.923
         771       5289.0000      132.637
         772       5291.0000      138.664
         773       5293.0000      142.025
         774       5295.0000      142.137
         775       5297.0000      143.454
         776       5299.0000      147.493
         777       5301.0000      151.401
         778       5303.0000      153.355
         779       5305.0000      151.092
         780       5307.0000      144.017
         781       5309.0000      136.623
         782       5311.0000      137.078
         783       5313.0000      140.683
         784       5315.0000      142.762
         785       5317.0000      143.889
         786       5319.0000      145.599
         787       5321.0000      147.474
         788       5323.0000      150.582
         789       5325.0000      150.834
         790       5327.0000      147.021
         791       5329.0000      142.531
         792       5331.0000      142.020
         793       5333.0000      144.847
         794       5335.0000      147.487
         795       5337.0000      149.177
         796       5339.0000      149.124
         797       5341.0000      150.686
         798       5343.0000      154.809
         799       5345.0000      158.157
         800       5347.0000      159.020
         801       5349.0000      154.482
         802       5351.0000      150.069
         803       5353.0000      149.389
         804       5355.0000      151.504
         805       5357.0000      153.058
         806       5359.0000      153.991
         807       5361.0000      152.559
         808       5363.0000      152.404
         809       5365.0000      150.793
         810       5367.0000      143.438
         811       5369.0000      136.128
         812       5371.0000      132.951
         813       5373.0000      133.761
         814       5375.0000      137.093
         815       5377.0000      143.356
         816       5379.0000      148.373
         817       5381.0000      149.371
         818       5383.0000      148.061
         819       5385.0000      148.930
         820       5387.0000      150.854
         821       5389.0000      153.861
         822       5391.0000      156.405
         823       5393.0000      158.503
         824       5395.0000      161.359
         825       5397.0000      161.797
         826       5399.0000      157.252
         827       5401.0000      153.242
         828       5403.0000      151.676
         829       5405.0000      151.259
         830       5407.0000      151.980
         831       5409.0000      155.610
         832       5411.0000      158.676
         833       5413.0000      159.495
         834       5415.0000      160.675
         835       5417.0000      161.660
         836       5419.0000      160.723
         837       5421.0000      156.952
         838       5423.0000      155.106
         839       5425.0000      154.505
         840       5427.0000      153.482
         841       5429.0000      149.262
         842       5431.0000      147.308
         843       5433.0000      146.404
         844       5435.0000      146.811
         845       5437.0000      148.204
         846       5439.0000      150.067
         847       5441.0000      153.167
         848       5443.0000      153.278
         849       5445.0000      153.360
         850       5447.0000      154.421
         851       5449.0000      152.755
         852       5451.0000      151.230
         853       5453.0000      153.362
         854       5455.0000      154.260
         855       5457.0000      152.747
         856       5459.0000      154.026
         857       5461.0000      155.100
         858       5463.0000      155.744
         859       5465.0000      160.695
         860       5467.0000      160.746
         861       5469.0000      156.883
         862       5471.0000      154.836
         863       5473.0000      152.995
         864       5475.0000      152.320
         865       5477.0000      152.017
         866       5479.0000      152.512
         867       5481.0000      154.305
         868       5483.0000      155.846
         869       5485.0000      156.131
         870       5487.0000      155.412
         871       5489.0000      157.141
         872       5491.0000      156.730
         873       5493.0000      154.840
         874       5495.0000      155.580
         875       5497.0000      154.123
         876       5499.0000      149.453
         877       5501.0000      145.965
         878       5503.0000      146.284
         879       5505.0000      148.051
         880       5507.0000      149.204
         881       5509.0000      146.679
         882       5511.0000      144.835
         883       5513.0000      144.896
         884       5515.0000      145.780
         885       5517.0000      148.961
         886       5519.0000      151.390
         887       5521.0000      153.329
         888       5523.0000      154.503
         889       5525.0000      155.447
         890       5527.0000      157.053
         891       5529.0000      157.423
         892       5531.0000      154.949
         893       5533.0000      153.155
         894       5535.0000      151.136
         895       5537.0000      150.221
         896       5539.0000      148.429
         897       5541.0000      149.087
         898       5543.0000      152.485
         899       5545.0000      155.671
         900       5547.0000      158.565
         901       5549.0000      160.814
         902       5551.0000      157.419
         903       5553.0000      153.693
         904       5555.0000      154.417
         905       5557.0000      155.066
         906       5559.0000      153.170
         907       5561.0000      150.531
         908       5563.0000      148.793
         909       5565.0000      149.130
         910       5567.0000      151.436
         911       5569.0000      153.862
         912       5571.0000      157.783
         913       5573.0000      160.875
         914       5575.0000      120.455
         915       5577.0000      86.6400
         916       5579.0000      110.594
         917       5581.0000      183.562
         918       5583.0000      174.225
         919       5585.0000      159.313
         920       5587.0000      146.855
         921       5589.0000      149.855
         922       5591.0000      151.289
         923       5593.0000      150.122
         924       5595.0000      150.888
         925       5597.0000      152.160
         926       5599.0000      153.491
         927       5601.0000      155.852
         928       5603.0000      155.550
         929       5605.0000      154.346
         930       5607.0000      153.170
         931       5609.0000      151.838
         932       5611.0000      151.246
         933       5613.0000      148.989
         934       5615.0000      148.897
         935       5617.0000      151.062
         936       5619.0000      149.204
         937       5621.0000      148.464
         938       5623.0000      148.916
         939       5625.0000      149.108
         940       5627.0000      149.202
         941       5629.0000      152.819
         942       5631.0000      155.231
         943       5633.0000      154.675
         944       5635.0000      153.227
         945       5637.0000      151.086
         946       5639.0000      146.788
         947       5641.0000      147.744
         948       5643.0000      151.319
         949       5645.0000      152.553
         950       5647.0000      152.611
         951       5649.0000      155.283
         952       5651.0000      155.805
         953       5653.0000      154.694
         954       5655.0000      155.076
         955       5657.0000      155.715
         956       5659.0000      156.144
         957       5661.0000      154.384
         958       5663.0000      152.144
         959       5665.0000      152.279
         960       5667.0000      153.333
         961       5669.0000      153.094
         962       5671.0000      152.749
         963       5673.0000      155.048
         964       5675.0000      154.571
         965       5677.0000      151.359
         966       5679.0000      149.015
         967       5681.0000      149.897
         968       5683.0000      152.431
         969       5685.0000      152.507
         970       5687.0000      151.208
         971       5689.0000      150.785
         972       5691.0000      150.041
         973       5693.0000      148.136
         974       5695.0000      146.446
         975       5697.0000      145.946
         976       5699.0000      145.535
         977       5701.0000      146.524
         978       5703.0000      146.693
         979       5705.0000      147.791
         980       5707.0000      148.901
         981       5709.0000      147.300
         982       5711.0000      144.748
         983       5713.0000      145.318
         984       5715.0000      149.316
         985       5717.0000      153.313
         986       5719.0000      153.759
         987       5721.0000      154.215
         988       5723.0000      154.888
         989       5725.0000      151.389
         990       5727.0000      147.612
         991       5729.0000      147.304
         992       5731.0000      149.724
         993       5733.0000      150.947
         994       5735.0000      151.677
         995       5737.0000      151.092
         996       5739.0000      149.923
         997       5741.0000      150.809
         998       5743.0000      151.509
         999       5745.0000      151.035
        1000       5747.0000      150.440
        1001       5749.0000      148.700
        1002       5751.0000      147.665
        1003       5753.0000      148.866
        1004       5755.0000      149.783
        1005       5757.0000      150.231
        1006       5759.0000      152.222
        1007       5761.0000      152.788
        1008       5763.0000      151.001
        1009       5765.0000      149.017
        1010       5767.0000      148.371
        1011       5769.0000      148.447
        1012       5771.0000      148.337
        1013       5773.0000      148.658
        1014       5775.0000      149.693
        1015       5777.0000      152.267
        1016       5779.0000      151.033
        1017       5781.0000      150.425
        1018       5783.0000      152.532
        1019       5785.0000      154.045
        1020       5787.0000      156.735
        1021       5789.0000      157.316
        1022       5791.0000      154.199
        1023       5793.0000      151.424
        1024       5795.0000      151.044
        1025       5797.0000      150.564
        1026       5799.0000      149.527
        1027       5801.0000      149.517
        1028       5803.0000      151.566
        1029       5805.0000      152.984
        1030       5807.0000      152.620
        1031       5809.0000      153.151
        1032       5811.0000      154.759
        1033       5813.0000      154.361
        1034       5815.0000      152.093
        1035       5817.0000      150.806
        1036       5819.0000      148.635
        1037       5821.0000      145.571
        1038       5823.0000      145.774
        1039       5825.0000      148.337
        1040       5827.0000      150.532
        1041       5829.0000      152.175
        1042       5831.0000      152.449
        1043       5833.0000      153.598
        1044       5835.0000      155.079
        1045       5837.0000      156.460
        1046       5839.0000      156.255
        1047       5841.0000      155.590
        1048       5843.0000      155.413
        1049       5845.0000      154.868
        1050       5847.0000      154.752
        1051       5849.0000      155.324
        1052       5851.0000      155.234
        1053       5853.0000      155.087
        1054       5855.0000      156.662
        1055       5857.0000      157.411
        1056       5859.0000      158.222
        1057       5861.0000      157.882
        1058       5863.0000      155.441
        1059       5865.0000      155.073
        1060       5867.0000      158.030
        1061       5869.0000      159.787
        1062       5871.0000      160.169
        1063       5873.0000      160.780
        1064       5875.0000      158.017
        1065       5877.0000      155.091
        1066       5879.0000      157.164
        1067       5881.0000      159.818
        1068       5883.0000      158.010
        1069       5885.0000      154.547
        1070       5887.0000      149.844
        1071       5889.0000      145.277
        1072       5891.0000      144.599
        1073       5893.0000      145.437
        1074       5895.0000      143.221
        1075       5897.0000      142.890
        1076       5899.0000      143.387
        1077       5901.0000      144.271
        1078       5903.0000      147.687
        1079       5905.0000      150.375
        1080       5907.0000      151.631
        1081       5909.0000      153.284
        1082       5911.0000      155.064
        1083       5913.0000      155.828
        1084       5915.0000      157.840
        1085       5917.0000      157.016
        1086       5919.0000      154.939
        1087       5921.0000      155.494
        1088       5923.0000      156.686
        1089       5925.0000      157.501
        1090       5927.0000      157.038
        1091       5929.0000      154.261
        1092       5931.0000      151.002
        1093       5933.0000      152.241
        1094       5935.0000      155.021
        1095       5937.0000      154.848
        1096       5939.0000      153.252
        1097       5941.0000      152.766
        1098       5943.0000      154.178
        1099       5945.0000      155.783
        1100       5947.0000      155.277
        1101       5949.0000      153.944
        1102       5951.0000      151.325
        1103       5953.0000      151.091
        1104       5955.0000      155.277
        1105       5957.0000      158.751
        1106       5959.0000      158.058
        1107       5961.0000      154.895
        1108       5963.0000      152.685
        1109       5965.0000      151.757
        1110       5967.0000      150.640
        1111       5969.0000      148.896
        1112       5971.0000      148.601
        1113       5973.0000      149.622
        1114       5975.0000      149.202
        1115       5977.0000      147.213
        1116       5979.0000      147.468
        1117       5981.0000      149.629
        1118       5983.0000      151.511
        1119       5985.0000      153.586
        1120       5987.0000      154.201
        1121       5989.0000      155.985
        1122       5991.0000      159.365
        1123       5993.0000      159.529
        1124       5995.0000      154.820
        1125       5997.0000      148.467
        1126       5999.0000      145.847
        1127       6001.0000      147.065
        1128       6003.0000      146.458
        1129       6005.0000      141.871
        1130       6007.0000      136.707
        1131       6009.0000      133.100
        1132       6011.0000      132.785
        1133       6013.0000      135.406
        1134       6015.0000      139.382
        1135       6017.0000      143.633
        1136       6019.0000      147.858
        1137       6021.0000      150.172
        1138       6023.0000      149.554
        1139       6025.0000      149.166
        1140       6027.0000      149.670
        1141       6029.0000      148.580
        1142       6031.0000      147.061
        1143       6033.0000      148.233
        1144       6035.0000      149.167
        1145       6037.0000      150.053
        1146       6039.0000      150.396
        1147       6041.0000      150.630
        1148       6043.0000      149.391
        1149       6045.0000      148.263
        1150       6047.0000      147.967
        1151       6049.0000      147.877
        1152       6051.0000      148.514
        1153       6053.0000      149.105
        1154       6055.0000      149.861
        1155       6057.0000      151.354
        1156       6059.0000      150.861
        1157       6061.0000      149.924
        1158       6063.0000      151.107
        1159       6065.0000      150.705
        1160       6067.0000      148.379
        1161       6069.0000      147.318
        1162       6071.0000      146.596
        1163       6073.0000      147.776
        1164       6075.0000      150.566
        1165       6077.0000      150.666
        1166       6079.0000      150.220
        1167       6081.0000      150.159
        1168       6083.0000      151.235
        1169       6085.0000      152.519
        1170       6087.0000      152.090
        1171       6089.0000      150.968
        1172       6091.0000      150.484
        1173       6093.0000      149.921
        1174       6095.0000      148.704
        1175       6097.0000      148.848
        1176       6099.0000      148.978
        1177       6101.0000      147.854
        1178       6103.0000      147.498
        1179       6105.0000      148.842
        1180       6107.0000      151.076
        1181       6109.0000      153.230
        1182       6111.0000      153.301
        1183       6113.0000      150.854
        1184       6115.0000      148.869
        1185       6117.0000      148.064
        1186       6119.0000      147.328
        1187       6121.0000      144.975
        1188       6123.0000      143.408
        1189       6125.0000      142.745
        1190       6127.0000      144.211
        1191       6129.0000      146.988
        1192       6131.0000      147.690
        1193       6133.0000      147.803
        1194       6135.0000      147.940
        1195       6137.0000      147.057
        1196       6139.0000      144.051
        1197       6141.0000      142.609
        1198       6143.0000      146.364
        1199       6145.0000      149.065
        1200       6147.0000      149.629
        1201       6149.0000      151.170
        1202       6151.0000      150.917
        1203       6153.0000      148.794
        1204       6155.0000      146.650
        1205       6157.0000      147.226
        1206       6159.0000      150.145
        1207       6161.0000      151.174
        1208       6163.0000      150.998
        1209       6165.0000      150.418
        1210       6167.0000      148.254
        1211       6169.0000      145.695
        1212       6171.0000      144.726
        1213       6173.0000      146.815
        1214       6175.0000      148.915
        1215       6177.0000      149.166
        1216       6179.0000      149.625
        1217       6181.0000      149.557
        1218       6183.0000      148.167
        1219       6185.0000      146.608
        1220       6187.0000      146.719
        1221       6189.0000      149.340
        1222       6191.0000      152.193
        1223       6193.0000      151.564
        1224       6195.0000      149.706
        1225       6197.0000      148.437
        1226       6199.0000      145.640
        1227       6201.0000      144.238
        1228       6203.0000      145.131
        1229       6205.0000      147.288
        1230       6207.0000      147.312
        1231       6209.0000      144.722
        1232       6211.0000      143.754
        1233       6213.0000      145.934
        1234       6215.0000      149.346
        1235       6217.0000      150.006
        1236       6219.0000      147.187
        1237       6221.0000      145.062
        1238       6223.0000      144.404
        1239       6225.0000      144.521
        1240       6227.0000      146.075
        1241       6229.0000      146.755
        1242       6231.0000      145.511
        1243       6233.0000      144.697
        1244       6235.0000      145.995
        1245       6237.0000      146.109
        1246       6239.0000      143.081
        1247       6241.0000      140.572
        1248       6243.0000      139.276
        1249       6245.0000      138.128
        1250       6247.0000      140.600
        1251       6249.0000      145.073
        1252       6251.0000      146.098
        1253       6253.0000      143.894
        1254       6255.0000      140.749
        1255       6257.0000      138.399
        1256       6259.0000      138.241
        1257       6261.0000      139.148
        1258       6263.0000      139.621
        1259       6265.0000      138.860
        1260       6267.0000      139.121
        1261       6269.0000      140.535
        1262       6271.0000      141.424
        1263       6273.0000      139.638
        1264       6275.0000      138.380
        1265       6277.0000      138.203
        1266       6279.0000      136.686
        1267       6281.0000      132.436
        1268       6283.0000      128.044
        1269       6285.0000      128.241
        1270       6287.0000      130.683
        1271       6289.0000      132.021
        1272       6291.0000      133.092
        1273       6293.0000      131.698
        1274       6295.0000      125.362
        1275       6297.0000      120.739
        1276       6299.0000      127.880
        1277       6301.0000      138.828
        1278       6303.0000      144.301
        1279       6305.0000      141.524
        1280       6307.0000      136.941
        1281       6309.0000      138.949
        1282       6311.0000      139.793
        1283       6313.0000      136.697
        1284       6315.0000      137.040
        1285       6317.0000      140.436
        1286       6319.0000      140.316
        1287       6321.0000      138.266
        1288       6323.0000      138.749
        1289       6325.0000      139.469
        1290       6327.0000      139.442
        1291       6329.0000      139.497
        1292       6331.0000      139.352
        1293       6333.0000      137.937
        1294       6335.0000      136.287
        1295       6337.0000      135.388
        1296       6339.0000      135.324
        1297       6341.0000      135.368
        1298       6343.0000      134.671
        1299       6345.0000      134.391
        1300       6347.0000      134.896
        1301       6349.0000      135.308
        1302       6351.0000      134.926
        1303       6353.0000      133.730
        1304       6355.0000      132.716
        1305       6357.0000      133.523
        1306       6359.0000      135.179
        1307       6361.0000      136.221
        1308       6363.0000      136.251
        1309       6365.0000      136.030
        1310       6367.0000      133.822
        1311       6369.0000      132.810
        1312       6371.0000      133.732
        1313       6373.0000      134.752
        1314       6375.0000      134.145
        1315       6377.0000      132.568
        1316       6379.0000      132.253
        1317       6381.0000      132.880
        1318       6383.0000      133.304
        1319       6385.0000      133.861
        1320       6387.0000      134.699
        1321       6389.0000      136.439
        1322       6391.0000      138.995
        1323       6393.0000      139.819
        1324       6395.0000      138.314
        1325       6397.0000      137.204
        1326       6399.0000      137.044
        1327       6401.0000      135.793
        1328       6403.0000      134.582
        1329       6405.0000      135.226
        1330       6407.0000      135.277
        1331       6409.0000      135.216
        1332       6411.0000      136.743
        1333       6413.0000      138.295
        1334       6415.0000      138.514
        1335       6417.0000      137.878
        1336       6419.0000      137.914
        1337       6421.0000      141.556
        1338       6423.0000      145.415
        1339       6425.0000      146.344
        1340       6427.0000      144.107
        1341       6429.0000      140.641
        1342       6431.0000      138.970
        1343       6433.0000      138.213
        1344       6435.0000      138.357
        1345       6437.0000      139.946
        1346       6439.0000      137.990
        1347       6441.0000      134.702
        1348       6443.0000      134.734
        1349       6445.0000      135.166
        1350       6447.0000      135.546
        1351       6449.0000      137.754
        1352       6451.0000      139.447
        1353       6453.0000      139.480
        1354       6455.0000      139.083
        1355       6457.0000      137.669
        1356       6459.0000      135.867
        1357       6461.0000      135.590
        1358       6463.0000      135.848
        1359       6465.0000      134.869
        1360       6467.0000      133.854
        1361       6469.0000      133.881
        1362       6471.0000      135.261
        1363       6473.0000      136.638
        1364       6475.0000      137.187
        1365       6477.0000      137.808
        1366       6479.0000      137.912
        1367       6481.0000      136.103
        1368       6483.0000      134.432
        1369       6485.0000      135.098
        1370       6487.0000      135.178
        1371       6489.0000      134.769
        1372       6491.0000      135.682
        1373       6493.0000      136.707
        1374       6495.0000      138.611
        1375       6497.0000      142.622
        1376       6499.0000      142.569
        1377       6501.0000      137.274
        1378       6503.0000      135.818
        1379       6505.0000      136.421
        1380       6507.0000      136.446
        1381       6509.0000      137.146
        1382       6511.0000      138.845
        1383       6513.0000      139.077
        1384       6515.0000      136.892
        1385       6517.0000      134.023
        1386       6519.0000      133.203
        1387       6521.0000      134.109
        1388       6523.0000      135.887
        1389       6525.0000      137.069
        1390       6527.0000      137.681
        1391       6529.0000      139.328
        1392       6531.0000      140.620
        1393       6533.0000      139.561
        1394       6535.0000      138.865
        1395       6537.0000      137.497
        1396       6539.0000      135.717
        1397       6541.0000      135.148
        1398       6543.0000      137.191
        1399       6545.0000      138.264
        1400       6547.0000      136.574
        1401       6549.0000      134.951
        1402       6551.0000      135.026
        1403       6553.0000      135.992
        1404       6555.0000      135.865
        1405       6557.0000      136.394
        1406       6559.0000      137.501
        1407       6561.0000      137.919
        1408       6563.0000      136.491
        1409       6565.0000      138.947
        1410       6567.0000      140.998
        1411       6569.0000      141.202
        1412       6571.0000      140.119
        1413       6573.0000      137.142
        1414       6575.0000      135.351
        1415       6577.0000      135.820
        1416       6579.0000      136.666
        1417       6581.0000      136.635
        1418       6583.0000      136.934
        1419       6585.0000      137.007
        1420       6587.0000      137.423
        1421       6589.0000      137.217
        1422       6591.0000      136.115
        1423       6593.0000      137.996
        1424       6595.0000      141.459
        1425       6597.0000      141.364
        1426       6599.0000      139.512
        1427       6601.0000      140.312
        1428       6603.0000      139.527
        1429       6605.0000      136.665
        1430       6607.0000      136.438
        1431       6609.0000      136.520
        1432       6611.0000      137.034
        1433       6613.0000      137.745
        1434       6615.0000      137.082
        1435       6617.0000      135.405
        1436       6619.0000      134.523
        1437       6621.0000      132.357
        1438       6623.0000      128.929
        1439       6625.0000      126.020
        1440       6627.0000      125.762
        1441       6629.0000      128.343
        1442       6631.0000      131.707
        1443       6633.0000      134.985
        1444       6635.0000      136.904
        1445       6637.0000      137.360
        1446       6639.0000      136.879
        1447       6641.0000      135.075
        1448       6643.0000      133.556
        1449       6645.0000      133.427
        1450       6647.0000      133.829
        1451       6649.0000      133.947
        1452       6651.0000      134.936
        1453       6653.0000      136.040
        1454       6655.0000      136.460
        1455       6657.0000      136.044
        1456       6659.0000      134.876
        1457       6661.0000      134.496
        1458       6663.0000      135.072
        1459       6665.0000      137.367
        1460       6667.0000      140.223
        1461       6669.0000      142.474
        1462       6671.0000      143.925
        1463       6673.0000      149.228
        1464       6675.0000      161.138
        1465       6677.0000      169.512
        1466       6679.0000      165.093
        1467       6681.0000      152.781
        1468       6683.0000      141.587
        1469       6685.0000      145.713
        1470       6687.0000      186.869
        1471       6689.0000      270.506
        1472       6691.0000      359.616
        1473       6693.0000      393.312
        1474       6695.0000      343.370
        1475       6697.0000      250.490
        1476       6699.0000      173.526
        1477       6701.0000      139.361
        1478       6703.0000      133.624
        1479       6705.0000      136.252
        1480       6707.0000      147.335
        1481       6709.0000      174.669
        1482       6711.0000      213.081
        1483       6713.0000      240.048
        1484       6715.0000      235.726
        1485       6717.0000      203.078
        1486       6719.0000      164.909
        1487       6721.0000      141.656
        1488       6723.0000      134.800
        1489       6725.0000      133.904
        1490       6727.0000      133.355
        1491       6729.0000      134.787
        1492       6731.0000      136.700
        1493       6733.0000      135.789
        1494       6735.0000      133.559
        1495       6737.0000      131.839
        1496       6739.0000      131.550
        1497       6741.0000      133.899
        1498       6743.0000      136.412
        1499       6745.0000      137.744
        1500       6747.0000      136.722
        1501       6749.0000      135.085
        1502       6751.0000      134.547
        1503       6753.0000      133.900
        1504       6755.0000      133.341
        1505       6757.0000      134.659
        1506       6759.0000      135.587
        1507       6761.0000      133.816
        1508       6763.0000      131.356
        1509       6765.0000      129.993
        1510       6767.0000      130.398
        1511       6769.0000      132.142
        1512       6771.0000      133.305
        1513       6773.0000      133.950
        1514       6775.0000      134.649
        1515       6777.0000      135.140
        1516       6779.0000      134.419
        1517       6781.0000      133.712
        1518       6783.0000      134.531
        1519       6785.0000      134.759
        1520       6787.0000      134.289
        1521       6789.0000      133.095
        1522       6791.0000      132.040
        1523       6793.0000      130.413
        1524       6795.0000      128.977
        1525       6797.0000      130.416
        1526       6799.0000      133.345
        1527       6801.0000      134.512
        1528       6803.0000      134.053
        1529       6805.0000      134.417
        1530       6807.0000      134.923
        1531       6809.0000      133.713
        1532       6811.0000      133.358
        1533       6813.0000      133.073
        1534       6815.0000      132.168
        1535       6817.0000      131.069
        1536       6819.0000      131.218
        1537       6821.0000      132.075
        1538       6823.0000      131.163
        1539       6825.0000      129.249
        1540       6827.0000      129.458
        1541       6829.0000      129.763
        1542       6831.0000      125.995
        1543       6833.0000      122.206
        1544       6835.0000      123.398
        1545       6837.0000      125.300
        1546       6839.0000      127.326
        1547       6841.0000      132.319
        1548       6843.0000      138.430
        1549       6845.0000      151.019
        1550       6847.0000      170.703
        1551       6849.0000      182.246
        1552       6851.0000      175.962
        1553       6853.0000      158.230
        1554       6855.0000      140.794
        1555       6857.0000      133.311
        1556       6859.0000      136.845
        1557       6861.0000      151.401
        1558       6863.0000      161.361
        1559       6865.0000      159.323
        1560       6867.0000      152.709
        1561       6869.0000      146.224
        1562       6871.0000      139.989
        1563       6873.0000      135.273
        1564       6875.0000      134.021
        1565       6877.0000      133.409
        1566       6879.0000      131.096
        1567       6881.0000      130.543
        1568       6883.0000      130.680
        1569       6885.0000      128.233
        1570       6887.0000      130.974
        1571       6889.0000      129.204
        1572       6891.0000      127.459
        1573       6893.0000      128.010
        1574       6895.0000      127.013
        1575       6897.0000      126.731
        1576       6899.0000      129.154
        1577       6901.0000      128.055
        1578       6903.0000      130.934
        1579       6905.0000      130.642
        1580       6907.0000      132.707
        1581       6909.0000      131.049
        1582       6911.0000      128.094
        1583       6913.0000      128.892
        1584       6915.0000      130.373
        1585       6917.0000      126.583
        1586       6919.0000      125.655
        1587       6921.0000      128.224
        1588       6923.0000      132.816
        1589       6925.0000      130.952
        1590       6927.0000      126.046
        1591       6929.0000      126.965
        1592       6931.0000      130.116
        1593       6933.0000      131.133
        1594       6935.0000      129.268
        1595       6937.0000      128.688
        1596       6939.0000      130.665
        1597       6941.0000      130.359
        1598       6943.0000      126.207
        1599       6945.0000      123.606
        1600       6947.0000      124.534
        1601       6949.0000      127.123
        1602       6951.0000      123.617
        1603       6953.0000      122.477
        1604       6955.0000      124.708
        1605       6957.0000      128.128
        1606       6959.0000      130.633
        1607       6961.0000      131.430
        1608       6963.0000      129.780
        1609       6965.0000      128.356
        1610       6967.0000      126.763
        1611       6969.0000      126.488
        1612       6971.0000      127.431
        1613       6973.0000      124.889
        1614       6975.0000      125.060
        1615       6977.0000      126.374
        1616       6979.0000      126.162
        1617       6981.0000      125.826
        1618       6983.0000      123.942
        1619       6985.0000      124.231
        1620       6987.0000      126.325
        1621       6989.0000      126.786
        1622       6991.0000      125.765
        1623       6993.0000      125.132
        1624       6995.0000      126.999
        1625       6997.0000      127.186
        1626       6999.0000      125.294
        1627       7001.0000      124.793
        1628       7003.0000      124.896
        1629       7005.0000      123.009
        1630       7007.0000      120.733
        1631       7009.0000      124.244
        1632       7011.0000      126.603
        1633       7013.0000      125.642
        1634       7015.0000      124.509
        1635       7017.0000      123.381
        1636       7019.0000      124.344
        1637       7021.0000      125.210
        1638       7023.0000      123.796
        1639       7025.0000      122.141
        1640       7027.0000      125.645
        1641       7029.0000      129.163
        1642       7031.0000      129.468
        1643       7033.0000      128.840
        1644       7035.0000      128.514
        1645       7037.0000      127.092
        1646       7039.0000      126.468
        1647       7041.0000      129.777
        1648       7043.0000      130.387
        1649       7045.0000      130.446
        1650       7047.0000      129.157
        1651       7049.0000      125.966
        1652       7051.0000      125.158
        1653       7053.0000      125.068
        1654       7055.0000      127.000
        1655       7057.0000      126.687
        1656       7059.0000      124.118
        1657       7061.0000      123.345
        1658       7063.0000      125.777
        1659       7065.0000      127.346
        1660       7067.0000      128.136
        1661       7069.0000      129.372
        1662       7071.0000      128.707
        1663       7073.0000      127.007
        1664       7075.0000      125.759
        1665       7077.0000      124.837
        1666       7079.0000      125.430
        1667       7081.0000      123.044
        1668       7083.0000      123.966
        1669       7085.0000      125.158
        1670       7087.0000      126.715
        1671       7089.0000      125.017
        1672       7091.0000      123.930
        1673       7093.0000      126.412
        1674       7095.0000      126.533
        1675       7097.0000      127.983
        1676       7099.0000      127.394
        1677       7101.0000      127.978
        1678       7103.0000      128.782
        1679       7105.0000      127.390
        1680       7107.0000      126.653
        1681       7109.0000      128.294
        1682       7111.0000      127.213
        1683       7113.0000      125.393
        1684       7115.0000      123.689
        1685       7117.0000      122.353
        1686       7119.0000      123.901
        1687       7121.0000      126.521
        1688       7123.0000      128.206
        1689       7125.0000      129.219
        1690       7127.0000      130.027
        1691       7129.0000      128.709
        1692       7131.0000      126.017
        1693       7133.0000      123.576
        1694       7135.0000      129.740
        1695       7137.0000      124.990
        1696       7139.0000      126.874
        1697       7141.0000      126.151
        1698       7143.0000      125.062
        1699       7145.0000      123.922
        1700       7147.0000      121.654
        1701       7149.0000      123.606
        1702       7151.0000      125.944
        1703       7153.0000      125.749
        1704       7155.0000      125.350
        1705       7157.0000      127.763
        1706       7159.0000      124.772
        1707       7161.0000      125.176
        1708       7163.0000      127.361
        1709       7165.0000      128.449
        1710       7167.0000      128.691
        1711       7169.0000      132.345
        1712       7171.0000      130.643
        1713       7173.0000      130.551
        1714       7175.0000      131.718
        1715       7177.0000      127.588
        1716       7179.0000      126.638
        1717       7181.0000      126.229
        1718       7183.0000      126.622
        1719       7185.0000      129.546
        1720       7187.0000      128.678
        1721       7189.0000      130.294
        1722       7191.0000      129.269
        1723       7193.0000      126.649
        1724       7195.0000      126.182
        1725       7197.0000      126.291
        1726       7199.0000      121.868
        1727       7201.0000      118.626
        1728       7203.0000      120.312
        1729       7205.0000      118.122
        1730       7207.0000      119.547
        1731       7209.0000      122.912
        1732       7211.0000      123.490
        1733       7213.0000      120.344
        1734       7215.0000      120.035
        1735       7217.0000      123.743
        1736       7219.0000      125.516
        1737       7221.0000      118.986
        1738       7223.0000      114.874
        1739       7225.0000      124.422
        1740       7227.0000      115.033
        1741       7229.0000      113.569
        1742       7231.0000      112.237
        1743       7233.0000      112.103
        1744       7235.0000      115.841
        1745       7237.0000      125.932
        1746       7239.0000      130.973
        1747       7241.0000      122.438
        1748       7243.0000      101.002
        1749       7245.0000      95.0804
        1750       7247.0000      87.4952
        1751       7249.0000      90.4538
        1752       7251.0000      106.986
        1753       7253.0000      113.851
        1754       7255.0000      111.843
        1755       7257.0000      110.043
        1756       7259.0000      112.394
        1757       7261.0000      113.691
        1758       7263.0000      113.527
        1759       7265.0000      111.070
        1760       7267.0000      110.724
        1761       7269.0000      111.805
        1762       7271.0000      115.047
        1763       7273.0000      139.274
        1764       7275.0000      152.366
        1765       7277.0000      112.896
        1766       7279.0000      92.3081
        1767       7281.0000      107.292
        1768       7283.0000      127.367
        1769       7285.0000      123.806
        1770       7287.0000      108.400
        1771       7289.0000      101.548
        1772       7291.0000      107.453
        1773       7293.0000      117.851
        1774       7295.0000      123.252
        1775       7297.0000      129.165
        1776       7299.0000      108.377
        1777       7301.0000      112.269
        1778       7303.0000      114.882
        1779       7305.0000      111.793
        1780       7307.0000      104.577
        1781       7309.0000      101.968
        1782       7311.0000      112.857
        1783       7313.0000      135.952
        1784       7315.0000      145.142
        1785       7317.0000      132.680
        1786       7319.0000      100.561
        1787       7321.0000      94.6642
        1788       7323.0000      109.720
        1789       7325.0000      119.804
        1790       7327.0000      120.462
        1791       7329.0000      115.938
        1792       7331.0000      98.6932
        1793       7333.0000      97.9587
        1794       7335.0000      108.314
        1795       7337.0000      132.367
        1796       7339.0000      143.938
        1797       7341.0000      133.215
        1798       7343.0000      91.9274
        1799       7345.0000      121.682
        1800       7347.0000      109.255
        1801       7349.0000      106.730
        1802       7351.0000      108.002
        1803       7353.0000      112.194
        1804       7355.0000      120.281
        1805       7357.0000      125.827
        1806       7359.0000      123.469
        1807       7361.0000      106.376
        1808       7363.0000      105.519
        1809       7365.0000      117.959
        1810       7367.0000      140.530
        1811       7369.0000      131.018
        1812       7371.0000      103.878
        1813       7373.0000      84.8914
        1814       7375.0000      104.545
        1815       7377.0000      113.135
        1816       7379.0000      112.171
        1817       7381.0000      113.313
        1818       7383.0000      114.472
        1819       7385.0000      111.266
        1820       7387.0000      111.743
        1821       7389.0000      116.194
        1822       7391.0000      122.253
        1823       7393.0000      118.525
        1824       7395.0000      105.850
        1825       7397.0000      109.249
        1826       7399.0000      133.953
        1827       7401.0000      129.696
        1828       7403.0000      104.100
        1829       7405.0000      93.2624
        1830       7407.0000      101.274
        1831       7409.0000      112.039
        1832       7411.0000      116.282
        1833       7413.0000      116.472
        1834       7415.0000      115.606
        1835       7417.0000      110.175
        1836       7419.0000      113.151
        1837       7421.0000      113.244
        1838       7423.0000      110.397
        1839       7425.0000      111.603
        1840       7427.0000      113.364
        1841       7429.0000      119.203
        1842       7431.0000      108.354
        1843       7433.0000      106.719
        1844       7435.0000      112.590
        1845       7437.0000      117.198
        1846       7439.0000      113.609
        1847       7441.0000      99.2963
        1848       7443.0000      95.1704
        1849       7445.0000      108.368
        1850       7447.0000      111.640
        1851       7449.0000      114.837
        1852       7451.0000      113.709
        1853       7453.0000      109.228
        1854       7455.0000      120.843
        1855       7457.0000      109.644
        1856       7459.0000      110.726
        1857       7461.0000      113.264
        1858       7463.0000      111.458
        1859       7465.0000      117.243
        1860       7467.0000      114.891
        1861       7469.0000      117.621
        1862       7471.0000      110.108
        1863       7473.0000      121.035
        1864       7475.0000      105.499
        1865       7477.0000      107.860
        1866       7479.0000      122.152
        1867       7481.0000      117.915
        1868       7483.0000      117.541
        1869       7485.0000      106.254
        1870       7487.0000      84.4445
        1871       7489.0000      97.3712
        1872       7491.0000      111.190
        1873       7493.0000      121.385
        1874       7495.0000      106.994
        1875       7497.0000      117.045
        1876       7499.0000      106.382
        1877       7501.0000      105.047
